ROBUSTNESS: rank of the two bad arms (G, I) among the 7 from-scratch arms when E(class) is sorted from most reinforcing (rank 1) to most suppressing (rank 7), for many class definitions and step windows.
class                             steps 1-10: G I ranks gap bad-good |      steps 1-5     gap |     steps 6-10     gap | values 1-10 (G I J A K M N)
turn 1000-8000                                      1 2        +5.30 |            2 1   +4.88 |            1 2   +5.71 | -10.08 -11.57 -18.05 -14.57 -15.15 -14.65 -18.23
turn 1000-16000                                     1 2        +5.98 |            2 1   +5.82 |            1 3   +6.12 | -10.37 -12.25 -19.72 -16.12 -15.33 -16.16 -19.12
turn 1000-32000                                     1 2        +5.87 |            2 1   +6.68 |            1 5   +5.05 | -10.76 -13.14 -20.10 -16.77 -15.87 -16.64 -19.72
turn 1000-inf                                       2 1        +6.49 |            2 1  +10.04 |            1 5   +2.92 | -17.87 -17.55 -27.11 -22.94 -21.16 -23.71 -26.06
turn 1500-8000                                      2 1        +4.25 |            2 1   +4.08 |            1 2   +4.41 | -7.57 -6.64 -13.00 -10.63 -11.60 -9.26 -12.28
turn 1500-16000                                     2 1        +4.92 |            2 1   +5.01 |            1 2   +4.82 | -7.86 -7.32 -14.67 -12.18 -11.78 -10.77 -13.17
turn 1500-32000                                     2 1        +4.81 |            2 1   +5.87 |            1 3   +3.75 | -8.25 -8.21 -15.05 -12.83 -12.32 -11.25 -13.77
turn 1500-inf                                       2 1        +5.43 |            2 1   +9.23 |            1 5   +1.62 | -15.36 -12.62 -22.06 -19.00 -17.62 -18.32 -20.11
turn 2000-8000                                      2 1        +4.10 |            3 1   +3.22 |            2 1   +4.99 | -4.73 -2.85 -7.78 -7.40 -8.00 -6.33 -9.94
turn 2000-16000                                     2 1        +4.78 |            2 1   +4.15 |            1 2   +5.40 | -5.02 -3.52 -9.45 -8.95 -8.18 -7.84 -10.84
turn 2000-32000                                     2 1        +4.67 |            2 1   +5.01 |            1 2   +4.32 | -5.41 -4.41 -9.83 -9.59 -8.72 -8.32 -11.44
turn 2000-inf                                       2 1        +5.29 |            2 1   +8.37 |            2 3   +2.20 | -12.51 -8.82 -16.84 -15.77 -14.01 -15.39 -17.78
turn 3000-8000                                      2 1        +2.59 |            1 2   +1.66 |            2 1   +3.53 | -2.01 -0.95 -3.33 -4.20 -3.88 -3.34 -5.62
turn 3000-16000                                     2 1        +3.27 |            2 1   +2.60 |            2 1   +3.94 | -2.30 -1.63 -5.00 -5.75 -4.06 -4.85 -6.51
turn 3000-32000                                     2 1        +3.16 |            2 1   +3.46 |            1 2   +2.87 | -2.69 -2.52 -5.38 -6.40 -4.60 -5.33 -7.11
turn 3000-inf                                       2 1        +3.78 |            2 1   +6.82 |            5 4   +0.75 | -9.80 -6.93 -12.40 -12.57 -9.90 -12.40 -13.45
turn 4000-8000                                      1 2        +2.59 |            1 2   +1.53 |            2 1   +3.66 | +0.20 -0.15 -1.77 -2.66 -2.15 -2.37 -3.88
turn 4000-16000                                     1 2        +3.27 |            1 2   +2.46 |            1 2   +4.07 | -0.09 -0.82 -3.44 -4.20 -2.33 -3.88 -4.77
turn 4000-32000                                     1 2        +3.16 |            1 2   +3.32 |            1 2   +3.00 | -0.48 -1.71 -3.81 -4.85 -2.86 -4.36 -5.37
turn 4000-inf                                       2 1        +3.78 |            2 1   +6.69 |            4 5   +0.88 | -7.59 -6.12 -10.83 -11.02 -8.16 -11.43 -11.71
turn 6000-8000                                      1 3        +1.02 |            1 6   +0.57 |            2 1   +1.48 | +0.40 -0.24 -0.61 -1.40 -0.16 -1.13 -1.41
turn 6000-16000                                     1 3        +1.70 |            1 3   +1.50 |            1 3   +1.89 | +0.11 -0.92 -2.27 -2.95 -0.34 -2.64 -2.30
turn 6000-32000                                     1 3        +1.59 |            1 2   +2.36 |            2 4   +0.82 | -0.28 -1.80 -2.65 -3.60 -0.88 -3.12 -2.90
turn 6000-inf                                       3 2        +2.21 |            2 1   +5.72 |            4 6   -1.30 | -7.39 -6.22 -9.67 -9.77 -6.17 -10.19 -9.24
turn 8000-16000                                     2 3        +0.68 |            2 1   +0.94 |            2 4   +0.41 | -0.29 -0.68 -1.67 -1.55 -0.18 -1.51 -0.89
turn 8000-32000                                     1 4        +0.57 |            2 1   +1.79 |            2 7   -0.66 | -0.68 -1.56 -2.05 -2.19 -0.72 -1.99 -1.49
turn 8000-inf                                       3 1        +1.19 |            3 1   +5.16 |            5 6   -2.79 | -7.79 -5.97 -9.06 -8.37 -6.01 -9.06 -7.83
think 1000-16000                                    1 2        +4.34 |            2 1   +4.37 |            1 3   +4.29 | -7.49 -8.11 -14.43 -12.87 -10.68 -9.76 -12.98
think 1000-inf                                      2 1        +4.95 |            2 1   +8.17 |            2 3   +1.72 | -15.12 -12.68 -21.77 -18.54 -16.39 -17.31 -20.21
think 2000-16000                                    1 2        +3.54 |            2 1   +3.16 |            1 2   +3.93 | -2.94 -3.25 -7.32 -6.86 -5.64 -4.97 -8.40
think 2000-inf                                      2 1        +4.15 |            2 1   +6.95 |            4 2   +1.35 | -10.56 -7.82 -14.66 -12.53 -11.35 -12.52 -15.63
think 4000-16000                                    1 2        +2.48 |            1 3   +2.26 |            1 2   +2.71 | +0.13 -1.06 -3.20 -3.89 -1.70 -2.31 -3.64
think 4000-inf                                      3 1        +3.09 |            2 1   +6.05 |            5 3   +0.14 | -7.49 -5.62 -10.54 -9.56 -7.41 -9.86 -10.87
zlib 0.10-0.25 think>=500                           1 2        +3.94 |            3 1   +3.27 |            1 2   +4.60 | -0.90 -1.45 -5.98 -5.38 -3.69 -4.09 -6.42
zlib 0.10-0.25 think>=1000                          1 2        +3.92 |            3 1   +3.25 |            1 2   +4.59 | -0.92 -1.34 -5.82 -5.36 -3.64 -4.06 -6.35
zlib 0.10-0.25 think>=2000                          1 2        +3.61 |            2 1   +2.79 |            1 2   +4.43 | -0.72 -1.20 -5.17 -4.93 -3.12 -3.71 -5.95
zlib 0.10-0.30 think>=500                           2 1        +4.06 |            3 1   +4.30 |            1 3   +3.81 | -5.70 -4.81 -11.47 -9.61 -7.61 -6.95 -10.95
zlib 0.10-0.30 think>=1000                          2 1        +3.83 |            3 1   +3.93 |            1 3   +3.73 | -5.26 -4.39 -10.41 -9.15 -7.20 -6.15 -10.39
zlib 0.10-0.30 think>=2000                          1 2        +3.70 |            2 1   +3.36 |            1 2   +4.04 | -2.26 -2.42 -6.51 -6.58 -4.77 -4.19 -8.16
zlib 0.15-0.30 think>=500                           2 1        +3.98 |            3 1   +4.35 |            1 2   +3.61 | -5.83 -4.44 -11.25 -9.32 -7.32 -6.83 -10.89
zlib 0.15-0.30 think>=1000                          2 1        +3.76 |            3 1   +3.98 |            2 3   +3.54 | -5.39 -4.03 -10.19 -8.86 -6.91 -6.03 -10.35
zlib 0.15-0.30 think>=2000                          2 1        +3.58 |            2 1   +3.40 |            2 1   +3.76 | -2.40 -2.14 -6.30 -6.29 -4.49 -4.07 -8.12
zlib 0.20-0.30 think>=500                           2 1        +4.01 |            3 1   +4.45 |            1 2   +3.56 | -5.07 -3.78 -9.71 -8.86 -7.26 -6.20 -10.15
zlib 0.20-0.30 think>=1000                          2 1        +3.79 |            2 1   +4.08 |            1 2   +3.49 | -4.63 -3.39 -8.70 -8.40 -6.86 -5.41 -9.61
zlib 0.20-0.30 think>=2000                          2 1        +3.52 |            2 1   +3.48 |            1 2   +3.56 | -1.72 -1.64 -4.85 -5.80 -4.44 -3.47 -7.43
zlib 0.00-0.30 think>=500                           3 1        +4.34 |            3 1   +8.00 |            2 3   +0.67 | -13.41 -10.10 -19.09 -15.28 -13.23 -14.79 -18.04
zlib 0.00-0.30 think>=1000                          3 1        +4.12 |            3 1   +7.63 |            3 2   +0.61 | -12.94 -9.68 -18.02 -14.82 -12.82 -13.99 -17.47
zlib 0.00-0.30 think>=2000                          2 1        +3.97 |            2 1   +7.05 |            4 3   +0.89 | -9.94 -7.71 -14.12 -12.25 -10.39 -12.03 -15.19
zlib 0.25-0.35 think>=500                           4 1        +1.49 |            6 1   +1.87 |            2 5   +1.10 | -8.87 -6.96 -10.81 -10.04 -8.43 -7.79 -10.00
zlib 0.25-0.35 think>=1000                          4 2        +0.90 |            6 1   +1.31 |            2 5   +0.47 | -6.31 -5.06 -7.92 -7.33 -6.17 -5.05 -6.43
zlib 0.25-0.35 think>=2000                          5 2        +0.23 |            4 3   +0.42 |            5 2   +0.05 | -2.18 -1.38 -1.93 -1.95 -2.59 -0.97 -2.63

bad arms occupy ranks {1,2} in 38 of 51 definitions (chance for one definition: 1/21)
