PER STEP, arms with identical base weights at step 1 and the same prompts at every step.
loop blk = self-exited + runaway loop blocks; loop tok% = share of reasoning tokens in them; long blk = blocks >= 1000 tok; semi = long blocks with zlib < 0.20;
blk p99 = 99th pct block length (tokens); sent/nblk = sentences per normal block; mean lp = token-weighted mean log p of generated reasoning tokens; trunc = context-truncated rollouts.
step arm     n | loop blk loop tok% | long blk  semi | blk p50 blk p99  blk max | sent/nblk  mean lp | reward trunc
   1 G     512 |        7      1.3% |      907    21 |      22    1309    56657 |      6.64  -0.3064 |  0.359     6
   1 I     512 |       11      4.2% |      939    21 |      23    1344    83660 |      6.85  -0.2936 |  0.357     3
   1 A     512 |       11      7.3% |      982    26 |      23    1388   101980 |      6.93  -0.2829 |  0.344     7

   2 G     512 |        0      0.0% |      764     5 |      25    1374     8537 |      7.14  -0.3057 |  0.543     2
   2 I     512 |        7      2.0% |      811    14 |      25    1453    51224 |      7.42  -0.3012 |  0.533     5
   2 A     512 |        4      5.2% |      649    16 |      25    1327   133574 |      7.16  -0.2967 |  0.541     3

   3 G     512 |        4      3.8% |     1124    13 |      25    1661   124831 |      8.43  -0.2609 |  0.262     4
   3 I     512 |        4      0.9% |     1243    13 |      25    1782    55330 |      8.77  -0.2661 |  0.252     3
   3 A     512 |        0      0.0% |     1278     6 |      25    1773    24481 |      8.77  -0.2666 |  0.256     0

   4 G     512 |        8      2.3% |     1357    36 |      24    2068    90821 |      8.84  -0.2659 |  0.428    10
   4 I     512 |        7      4.8% |     1340    21 |      23    2076   134066 |      8.63  -0.2604 |  0.406     5
   4 A     512 |        7      1.4% |     1293    15 |      23    2033    78748 |      8.53  -0.2699 |  0.402     9

   5 G     512 |        3      2.6% |     1731    16 |      25    2108    81469 |      9.24  -0.2605 |  0.266     4
   5 I     512 |       13      3.5% |     1793    31 |      26    2081   114166 |      9.46  -0.2564 |  0.232    11
   5 A     512 |       12      1.7% |     1706    25 |      25    2012    83889 |      9.28  -0.2631 |  0.254    11

   6 G     512 |        9      0.9% |      983    29 |      23    1545    30132 |      7.77  -0.2847 |  0.357     7
   6 I     512 |        7      6.1% |     1013    24 |      23    1666   133101 |      7.87  -0.2725 |  0.414     4
   6 A     512 |        4      0.0% |      942    12 |      24    1594    12399 |      7.77  -0.2904 |  0.371     6

   7 G     512 |       11     12.3% |     1169    24 |      26    1904   151667 |      9.02  -0.2437 |  0.434     8
   7 I     512 |       10      8.5% |     1189    23 |      26    1912   123682 |      9.15  -0.2528 |  0.398     7
   7 A     512 |        8      5.1% |     1391    26 |      26    2029   111795 |      9.52  -0.2603 |  0.432     6

   8 G     512 |       29     17.1% |     1607    50 |      24    2164   177644 |      9.68  -0.2224 |  0.285    20
   8 I     512 |       34     22.8% |     1646    77 |      25    2222   147347 |      9.87  -0.2053 |  0.312    21
   8 A     512 |       31     14.1% |     1641    48 |      25    2225   152727 |      9.93  -0.2310 |  0.289    14

   9 G     512 |        8      3.0% |     1402    25 |      26    1934    95002 |      9.37  -0.2597 |  0.314     6
   9 I     512 |        5      1.4% |     1239     9 |      25    1759    89273 |      8.73  -0.2750 |  0.305     6
   9 A     512 |        0      0.0% |     1351    12 |      26    1870    23503 |      9.30  -0.2747 |  0.314     2

  10 G     512 |        6      2.3% |     1324    21 |      24    2190   115743 |      9.18  -0.2583 |  0.346     6
  10 I     512 |        8      3.4% |     1270    33 |      24    2127    75722 |      9.03  -0.2614 |  0.365     7
  10 A     512 |        8      3.3% |     1325    18 |      24    2205    75050 |      9.42  -0.2623 |  0.348     5

  11 G     512 |        7      2.7% |     1376    30 |      24    1883   116849 |      9.24  -0.2623 |  0.318     7
  11 I     512 |        9      4.0% |     1251    28 |      24    1760   101646 |      8.52  -0.2755 |  0.299     7
  11 A     512 |        8      6.8% |     1429    42 |      25    2047   126208 |      9.49  -0.2542 |  0.291     7

  12 G     512 |        8      5.3% |     1419    22 |      25    2192   113605 |      9.63  -0.2534 |  0.346     6
  12 I     512 |       11      8.1% |     1330    50 |      25    2102    99586 |      9.11  -0.2582 |  0.350     8
  12 A     512 |        7      2.2% |     1589    23 |      26    2145    63597 |     10.10  -0.2668 |  0.340     5

  13 G     512 |        9      4.0% |     1462    26 |      23    1971   115643 |      8.26  -0.2578 |  0.268     5
  13 I     512 |        7      3.8% |     1226    17 |      23    1684    91066 |      7.73  -0.2798 |  0.262     8
  13 A     512 |        4      2.3% |     1466    10 |      23    1801   122346 |      8.21  -0.2706 |  0.293     4

  14 G     512 |        9      4.7% |     1309    25 |      23    2376    91215 |      9.44  -0.2451 |  0.256     5
  14 I     512 |       13      5.0% |     1176    30 |      23    2175    94372 |      8.74  -0.2682 |  0.262     8
  14 A     512 |        5      1.8% |     1426     7 |      24    2197    94562 |      9.64  -0.2645 |  0.268     4

  15 G     512 |       20     12.9% |     1520    43 |      26    2143   116806 |      9.72  -0.2187 |  0.225    12
  15 I     512 |       16      6.7% |     1414    31 |      26    1915   108782 |      8.91  -0.2640 |  0.209     9
  15 A     512 |       13      4.3% |     1747    35 |      26    2101   116406 |     10.04  -0.2551 |  0.232     4

  16 G     512 |       20     16.5% |     1410    56 |      23    2170   134735 |      9.20  -0.2143 |  0.316    13
  16 I     512 |       17      8.5% |     1185    42 |      23    1700    94692 |      7.90  -0.2711 |  0.311    11
  16 A     512 |        4      2.8% |     1596    21 |      24    2171   119305 |      9.59  -0.2698 |  0.340     4

  17 G     512 |        9      9.2% |      980    19 |      26    1802   150440 |      8.32  -0.2527 |  0.240     3
  17 I     512 |        6      4.3% |      681    16 |      26    1430    56259 |      7.12  -0.3073 |  0.234     4
  17 A     512 |        2      1.9% |     1069    10 |      27    1773    77858 |      8.51  -0.2906 |  0.254     1

  18 G     512 |        6      5.4% |     1351    19 |      24    2120   127679 |      9.71  -0.2481 |  0.326     7
  18 I     512 |        6      3.9% |     1068    19 |      24    1834   114293 |      8.51  -0.2949 |  0.266     6
  18 A     512 |        9      1.4% |     1475     5 |      25    2166    75720 |      9.93  -0.2830 |  0.328     9

  19 G     512 |       17     15.6% |     1872    40 |      25    2647   135189 |     11.25  -0.2114 |  0.262    14
  19 I     512 |       33     15.6% |     1366    65 |      24    2166   132245 |      9.17  -0.2508 |  0.264    18
  19 A     512 |       12      6.3% |     2225    43 |      26    2645   122050 |     12.36  -0.2563 |  0.291     4

  20 G     512 |       13      8.9% |     1299    31 |      26    1892   119510 |      8.94  -0.2411 |  0.354     8
  20 I     512 |        6      0.8% |      935    23 |      26    1488    32251 |      7.70  -0.3141 |  0.348     3
  20 A     512 |        0      0.0% |     1552     8 |      27    2079    16903 |      9.99  -0.2848 |  0.375     2

  21 G     512 |        8     10.7% |     1089    35 |      25    1799   156459 |      8.39  -0.2362 |  0.297     6
  21 I     512 |       13      5.4% |      763    32 |      24    1318    62600 |      6.93  -0.3068 |  0.283     6
  21 A     512 |        1      0.0% |     1390     7 |      27    1816     9977 |      9.35  -0.2914 |  0.344     1

  22 G     512 |       13     14.3% |     1089    28 |      25    1878   159688 |      9.18  -0.2243 |  0.416     9
  22 I     512 |       19     11.2% |      737    22 |      24    1439   158828 |      7.35  -0.2817 |  0.385    13
  22 A     512 |        1      0.0% |     1472     5 |      27    2236    10928 |     10.79  -0.2860 |  0.426     1

  23 G     512 |       15      8.9% |     1106    55 |      25    1916   123358 |      8.54  -0.2338 |  0.338     8
  23 I     512 |       13      4.3% |      815    38 |      24    1438    85377 |      6.78  -0.2994 |  0.291    10
  23 A     512 |        1      0.0% |     1610     9 |      27    2331    22506 |     10.42  -0.2774 |  0.346     0

  24 G     512 |       35     16.2% |     1327    59 |      26    2196   153887 |      9.72  -0.2103 |  0.297    16
  24 I     512 |       19     13.5% |      986    49 |      25    1774   132937 |      8.05  -0.2608 |  0.279     9
  24 A     512 |        0      0.0% |     2155     2 |      29    2776    18185 |     13.80  -0.2809 |  0.303     1

  25 G     512 |       20     17.8% |     1009    43 |      25    1944   136626 |      9.09  -0.2205 |  0.240     9
  25 I     512 |       23     21.3% |      711    46 |      24    1480   125348 |      7.18  -0.2515 |  0.217    14
  25 A     512 |        1      1.7% |     1550     9 |      28    2320   122670 |     12.17  -0.2973 |  0.240     1

  26 G     512 |       15     14.5% |     1269    37 |      25    2407   139400 |      9.67  -0.2105 |  0.289     9
  26 I     512 |       27     13.5% |      861    65 |      24    1683   137630 |      7.31  -0.2572 |  0.297    13
  26 A     512 |        1      0.0% |     1979    10 |      29    2807    17603 |     13.08  -0.2813 |  0.320     1

  27 G     512 |       34     22.2% |     1721   121 |      25    2885   161480 |     11.08  -0.1827 |  0.250    22
  27 I     512 |       39     20.8% |     1419   127 |      24    2087   151932 |      8.59  -0.2254 |  0.229    19
  27 A     512 |        2      0.2% |     2914    30 |      31    3435    19985 |     16.28  -0.2828 |  0.314     0

  28 G     512 |       26     16.1% |     1254    68 |      25    2253   128805 |      9.42  -0.2103 |  0.240    14
  28 I     144 |        0      0.0% |       67     0 |      25    1080     5949 |      6.46  -0.3219 |  0.340     0
  28 A     512 |        3      0.2% |     2204    17 |      31    2841    17936 |     14.19  -0.2992 |  0.230     1

  29 G     512 |       23     20.7% |     1256    68 |      25    2036   172342 |      9.17  -0.2028 |  0.297    14
  29 A     512 |        1      0.2% |     2116    14 |      30    2672    13042 |     14.17  -0.3152 |  0.324     1

  30 G     512 |       37     30.9% |     1598    85 |      25    2516   140291 |     10.41  -0.1699 |  0.242    26
  30 A     512 |        2      0.8% |     2601    22 |      32    3083    76731 |     16.68  -0.3028 |  0.275     2

  31 G     512 |       39     23.6% |     1362    89 |      25    2440   121003 |      9.38  -0.1870 |  0.451    20
  31 A     512 |        1      0.9% |     2515    29 |      32    3454    85541 |     16.88  -0.3050 |  0.461     1

  32 G     512 |       24     15.5% |     1445    84 |      25    2442   138458 |      9.60  -0.1959 |  0.215    16
  32 A     512 |        3      0.9% |     2667    55 |      33    3336    88534 |     17.22  -0.2970 |  0.234     3

  33 G     512 |       42     25.0% |     1421    98 |      25    2217   158050 |      9.05  -0.1849 |  0.260    20
  33 A     512 |        1      0.0% |     2708    13 |      36    3282    13432 |     17.77  -0.3187 |  0.277     1

  34 G     512 |       25     22.0% |     1238    74 |      25    1891   149866 |      8.24  -0.1928 |  0.217    15
  34 A     512 |        3      0.4% |     2459    20 |      38    2824    19301 |     16.40  -0.3284 |  0.254     1

  35 G     512 |       69     41.9% |     1513   187 |      25    2428   160809 |      9.11  -0.1340 |  0.256    37
  35 A     512 |        2      0.2% |     2828    13 |      35    3297    18542 |     17.60  -0.3186 |  0.289     2

  36 G     512 |       60     37.2% |     1520   163 |      24    2495   180429 |      9.52  -0.1402 |  0.346    40
  36 A     128 |        0      0.0% |      209     0 |      30    2246     6852 |     12.09  -0.3619 |  0.375     0


PAIRED BY (step, SWE instance), steps 1-10: 320 instances x 16 gens per arm. mean over instances of the per-instance mean; p = two-sided sign-flip permutation test on paired differences (20,000 draws).
metric                                              G          I          A |        G-A       p |        I-A       p |        G-I       p
loop token share per rollout                   0.0065     0.0081     0.0057 |     0.0009   0.534 |     0.0024   0.071 |    -0.0016   0.356
rollouts with >=1 loop block                   0.0145     0.0162     0.0129 |     0.0016   0.570 |     0.0033   0.175 |    -0.0018   0.566
runaway blocks per rollout                     0.0109     0.0125     0.0098 |     0.0012   0.629 |     0.0027   0.249 |    -0.0016   0.605
blocks >=1000 tok per rollout                  2.4156     2.4381     2.4527 |    -0.0371   0.401 |    -0.0146   0.750 |    -0.0225   0.611
blocks >=1000 tok & zlib<0.20 per rollout      0.0469     0.0520     0.0398 |     0.0070   0.206 |     0.0121   0.052 |    -0.0051   0.549
longest block per rollout (tok)                  2722       2882       2546 |        175   0.217 |        336   0.062 |       -161   0.443
reasoning tokens per rollout                    13678      13945      13622 |         55   0.791 |        323   0.157 |       -267   0.297
sentences per normal block                     8.5717     8.6439     8.7103 |    -0.1386   0.140 |    -0.0664   0.437 |    -0.0722   0.384
mean log p of reasoning tokens                -0.3155    -0.3171    -0.3173 |     0.0018   0.081 |     0.0002   0.813 |     0.0016   0.147
reward                                         0.3594     0.3576     0.3551 |     0.0043   0.527 |     0.0025   0.647 |     0.0018   0.800
context-truncated rollouts                     0.0143     0.0141     0.0123 |     0.0020   0.397 |     0.0018   0.526 |     0.0002   1.000

PAIRED BY (step, SWE instance), steps 11-20: 320 instances x 16 gens per arm. mean over instances of the per-instance mean; p = two-sided sign-flip permutation test on paired differences (20,000 draws).
metric                                              G          I          A |        G-A       p |        I-A       p |        G-I       p
loop token share per rollout                   0.0121     0.0094     0.0046 |     0.0075   0.000 |     0.0048   0.001 |     0.0027   0.075
rollouts with >=1 loop block                   0.0187     0.0189     0.0102 |     0.0086   0.001 |     0.0088   0.001 |    -0.0002   1.000
runaway blocks per rollout                     0.0141     0.0129     0.0068 |     0.0072   0.002 |     0.0061   0.004 |     0.0012   0.643
blocks >=1000 tok per rollout                  2.7340     2.2719     3.0418 |    -0.3078   0.000 |    -0.7699   0.000 |     0.4621   0.000
blocks >=1000 tok & zlib<0.20 per rollout      0.0607     0.0627     0.0398 |     0.0209   0.002 |     0.0229   0.002 |    -0.0020   0.804
longest block per rollout (tok)                  3466       2716       2722 |        744   0.000 |         -6   0.966 |        751   0.000
reasoning tokens per rollout                    14809      13336      14890 |        -81   0.733 |      -1554   0.000 |       1473   0.000
sentences per normal block                     9.3097     8.1882     9.6502 |    -0.3405   0.000 |    -1.4620   0.000 |     1.1215   0.000
mean log p of reasoning tokens                -0.2972    -0.3395    -0.3139 |     0.0167   0.000 |    -0.0256   0.000 |     0.0423   0.000
reward                                         0.2910     0.2803     0.3012 |    -0.0102   0.079 |    -0.0209   0.000 |     0.0107   0.062
context-truncated rollouts                     0.0156     0.0160     0.0086 |     0.0070   0.004 |     0.0074   0.001 |    -0.0004   0.932

PAIRED BY (step, SWE instance), steps 21-30: 230 instances x 16 gens per arm. mean over instances of the per-instance mean; p = two-sided sign-flip permutation test on paired differences (20,000 draws).
metric                                              G          I          A |        G-A       p |        I-A       p |        G-I       p
loop token share per rollout                   0.0195     0.0171     0.0004 |     0.0191   0.000 |     0.0167   0.000 |     0.0024   0.395
rollouts with >=1 loop block                   0.0280     0.0310     0.0019 |     0.0261   0.000 |     0.0291   0.000 |    -0.0030   0.468
runaway blocks per rollout                     0.0204     0.0187     0.0011 |     0.0193   0.000 |     0.0177   0.000 |     0.0016   0.668
blocks >=1000 tok per rollout                  2.3522     1.7133     3.5777 |    -1.2255   0.000 |    -1.8644   0.000 |     0.6389   0.000
blocks >=1000 tok & zlib<0.20 per rollout      0.1027     0.1030     0.0196 |     0.0832   0.000 |     0.0834   0.000 |    -0.0003   1.000
longest block per rollout (tok)                  4125       3223       2687 |       1437   0.000 |        536   0.076 |        902   0.004
reasoning tokens per rollout                    14061      12246      15630 |      -1570   0.000 |      -3385   0.000 |       1815   0.000
sentences per normal block                     9.4252     7.2795    12.1552 |    -2.7300   0.000 |    -4.8757   0.000 |     2.1457   0.000
mean log p of reasoning tokens                -0.2913    -0.3525    -0.3172 |     0.0260   0.000 |    -0.0352   0.000 |     0.0612   0.000
reward                                         0.3076     0.2848     0.3310 |    -0.0234   0.001 |    -0.0462   0.000 |     0.0228   0.002
context-truncated rollouts                     0.0215     0.0228     0.0014 |     0.0201   0.000 |     0.0215   0.000 |    -0.0014   0.748
