DEFINITIONS
  reasoning block   = generated tokens from the start of an assistant turn up to </think> (or to the end of the turn if </think> never came).
  repetitive block  = block >= 1,000 tokens whose UTF-8 text compresses with zlib (level 6) to < 10 % of its size.  (normal long blocks: 25-40 %)
  runaway block     = last block of a rollout that hit the context window, with no </think>.
  class-based share = tokens in (repetitive OR runaway) blocks / all reasoning tokens of the step's 512 trained rollouts.  [what the earlier tables showed]
  strict share      = tokens in repetitive blocks only / all reasoning tokens.  (runaways count only if they are themselves repetitive)

STRICT loop-token share (%), class-based share (%), and number of repetitive blocks, per step and arm
step G strict%  cls% nrep I strict%  cls% nrep J strict%  cls% nrep A strict%  cls% nrep K strict%  cls% nrep M strict%  cls% nrep N strict%  cls% nrep S strict%  cls% nrep T strict%  cls% nrep U strict%  cls% nrep V strict%  cls% nrep V2 strict%  cls% nrep V3 strict%  cls% nrep P4 strict%  cls% nrep P4b strict%  cls% nrep Q4 strict%  cls% nrep Q4b strict%  cls% nrep F strict%  cls% nrep L strict%  cls% nrep B strict%  cls% nrep D strict%  cls% nrep
   1       1.3   1.3    5       4.2   4.2   10       4.0   4.0    8       7.3   7.3   11       1.1   1.1    2       4.3   4.3    6       3.3   3.3    5       3.0   3.0    5       0.5   0.5    1       0.0   0.0    0       5.1   5.1    4       5.9   5.9    8       1.7   1.8    1       2.4   2.5    4       4.7   4.7    8      10.1  10.1   19       1.5   1.5    3                                                                                    
   2       0.0   0.0    0       2.0   2.0    5       4.1   4.1    3       5.2   5.2    4       7.6   7.7   12       1.8   1.8    4       0.0   0.0    0       1.2   1.2    1       0.2   0.2    1       0.0   0.0    0       0.2   0.3    3       0.2   0.2    1       0.3   0.3    1       4.1   4.1    5       3.0   3.0    2       0.0   0.0    0       1.3   1.3    2                                                                                    
   3       3.8   3.8    3       0.8   0.9    1       7.6   7.6    9       0.0   0.0    0       3.0   3.0    2       5.3   5.3    4       2.7   2.7    2       0.8   0.8    4       0.0   0.0    0       0.0   0.0    0       6.0   6.0    6       4.8   4.8    4       2.4   2.5    7       3.0   3.0    3       3.0   3.0    6       6.6   6.6    7       1.8   1.8    3                                                                                    
   4       2.3   2.3    4       4.7   4.8    5       6.6   6.6   11       1.4   1.4    2       3.8   3.9    5       4.2   4.3    7       6.1   6.1    5       3.5   3.5    8                            0.0   0.0    0       4.1   4.2    4       1.5   1.5    1                            7.8   7.8   11       4.3   4.3    5       6.3   6.3    8       4.9   5.0    5                                                                                    
   5       2.6   2.6    3       3.4   3.5    7       0.0   0.1    0       1.6   1.7    4       6.7   6.7   12       2.7   2.8    3       3.9   3.9    6       5.6   5.8   11                            0.0   0.0    0       3.2   3.2    4       8.1   8.1    1                            1.9   2.1    3       3.3   3.3    4       1.8   1.8    4       0.1   0.1    2                                                                                    
   6       0.8   0.9    5       6.1   6.1    6       1.6   1.6    6       0.0   0.0    0       5.2   7.1    5       4.0   4.0    3       5.4   5.4   14       3.3   3.3    6                            0.0   0.0    0       5.1   5.2    9                                                 6.5   6.5    6       5.0   5.0    5       1.0   1.0    3       1.6   1.6    2                                                                                    
   7      12.2  12.3    7       8.5   8.5    8       6.2   6.3    8       5.0   5.1    6       8.2   8.2    5      11.4  11.5   14       9.8   9.9   10       5.8   5.8   10                            0.0   0.0    0       9.3   9.4    7                                                 6.5   6.6    6       7.4   7.5    7      13.9  14.0   17       7.7   7.7    6                                                                                    
   8      17.1  17.1   24      22.7  22.8   32      20.4  20.5   28      14.1  14.1   27      18.0  18.0   21      17.2  17.2   26      16.7  16.8   25      14.5  14.5   15                                                13.5  13.6   21                                                17.5  17.5   17      11.1  11.2   14      17.8  17.8   26      15.3  15.4   23                                                                                    
   9       3.0   3.0    5       1.3   1.4    1       5.6   5.7    8       0.0   0.0    0       6.3   6.3    6       5.2   5.2    4       4.3   4.4    3       2.1   2.1    2                                                 1.7   1.7    3                                                 2.7   2.7    3       4.7   4.7    7       6.0   6.0    6       3.1   3.1    3                                                                                    
  10       2.3   2.3    3       3.2   3.4    4       0.6   0.6    1       3.3   3.3    5       1.3   1.3    2       3.6   3.6    4       1.9   2.0    6       1.1   1.2    2                                                 1.5   1.5    5                                                 0.9   0.9    1       1.7   1.7    5       3.4   3.4    5       2.7   2.7    4                                                                                    
  11       2.7   2.7    3       4.0   4.0    6       9.7   9.7   14       6.8   6.8    7       8.4   8.4    9       2.8   2.8   10       7.0   7.0    5       6.7   6.7    6                                                 4.4   4.4    5                                                 1.8   1.8    3       1.5   1.5    3       8.0   8.0   18       9.7   9.7    9       2.6   2.6    7       3.9   3.9    4       6.0   6.0   15       3.6   3.6    5
  12       5.3   5.3    6       8.1   8.1   11       0.1   0.1    1       2.2   2.2    6       6.9   6.9    8       4.0   4.1    4       2.6   2.6    2       3.6   3.6    5                                                 2.5   2.5    2                                                 2.0   2.0    2       0.8   0.8    3       4.7   4.8   11       1.5   1.5    3       0.5   0.5    2       4.3   4.3    3       1.9   2.1    8       0.0   0.0    0
  13       4.0   4.0    8       3.8   3.8    5       2.5   2.5    4       2.3   2.3    2       0.9   0.9    3       5.8   5.8    8       2.2   2.2    2                                                                      1.8   1.8    2                                                 0.0   0.0    0       1.5   1.5    2       5.6   5.6    8       1.8   1.8    2       0.7   0.8    2       2.9   2.9   10       3.1   3.1    5       1.6   1.7    4
  14       4.7   4.7    6       4.9   5.0    8       6.6   6.7    5       1.8   1.8    2       4.1   4.1    5       1.6   1.6    1       3.6   3.7    4                                                                      4.4   4.5    4                                                 3.1   3.1    3       0.0   0.1    0      14.1  14.1   14       2.6   2.7    2       0.7   0.7    1       3.6   3.6    7       8.3   8.3    8       5.3   5.3    4
  15      12.9  12.9   18       6.7   6.7   13       3.6   3.7    5       4.3   4.3   12       4.5   4.5    7       2.5   2.6    6       3.1   3.1    4                                                                      3.4   3.5    7                                                 1.7   1.7    2       8.6   8.6   12       6.3   6.3   11       1.4   1.4    2       0.4   0.4    1       8.9   9.0   16       6.4   6.5    9      12.2  12.3   18
  16      16.5  16.5   19       8.5   8.5   14       4.8   4.8    7       2.8   2.8    3       3.4   3.5    5       6.0   6.0    9       7.3   7.3    8                                                                      4.5   4.5    5                                                 0.0   0.0    0       4.2   4.3    6       4.7   4.7    5       5.2   5.3    6       6.8   6.9    6       6.2   6.3    6       7.7   7.9   10       6.1   6.2   13
  17       9.2   9.2    9       4.3   4.3    5       5.5   5.5    6       1.9   1.9    2       3.6   3.7    5       5.9   5.9    6       2.3   2.3    2                                                                      4.6   4.6    4                                                 0.0   0.0    0       8.7   8.8    5       8.6   8.6    9       0.0   0.0    0       1.2   1.2    2       3.1   3.1    1       6.8   6.8    7       8.1   8.1    6
  18       5.4   5.4    5       3.9   3.9    4       3.1   3.1    2       1.3   1.4    2       0.0   0.1    0       0.4   0.4    1       0.0   0.1    0                                                                      0.0   0.0    0                                                 0.0   0.1    0       7.0   7.0    8       1.2   1.2    6       1.6   1.6    3       0.0   0.1    0       1.6   1.6    6       2.9   3.1    6       2.9   3.0    6
  19      15.5  15.6   16      15.6  15.6   28      16.4  16.4   24       6.3   6.3   12      10.1  10.1   11       7.8   8.0   12       9.1   9.1    8                                                                     12.9  12.9   13                                                 1.8   1.8    2      17.0  17.0   32      10.3  10.5   13       0.1   0.1    1       5.1   5.1    5      11.1  11.1   20      14.7  14.8   36      14.2  14.4   28
  20       8.9   8.9   13       0.8   0.8    3       4.1   4.2    6       0.0   0.0    0       0.3   0.3    1       3.3   3.3    8       1.8   1.9    2                                                                      1.0   1.0    1                                                 0.0   0.0    0      11.1  11.1   12       2.9   2.9    2       0.0   0.0    0       3.0   3.0    3       1.0   1.0    1       3.5   3.5    6       7.8   7.8   13
  21      10.7  10.7    8       5.4   5.4   11       1.0   1.0    3       0.0   0.0    0       0.9   0.9    1       1.5   1.5    2       2.3   2.3    1                                                                      1.8   1.8    3                                                 0.0   0.0    0      12.9  12.9   18       1.6   1.6    2                            1.2   1.2    2       1.2   1.2    3       5.6   5.7   12       7.6   7.6   15
  22      14.3  14.3   12      11.0  11.2   15       5.8   5.9    5       0.0   0.0    0       0.0   0.0    0       0.7   0.7    1       4.2   4.3    3                                                                      6.3   6.3    6                                                 0.0   0.0    0      21.2  21.2   28       4.2   4.2    4                            5.2   5.3    4      15.4  15.4   21      13.8  13.9   28      17.9  18.0   28
  23       8.8   8.9   14       4.2   4.3    8       1.0   1.0    1       0.0   0.0    1       2.1   2.1    3       0.0   0.1    0       0.0   0.0    0                                                                      0.0   0.0    0                                                 0.0   0.0    0                            0.0   0.0    0                            0.6   0.6    2      10.1  10.1   16       4.1   4.1   10      14.8  14.8   39
  24      16.2  16.2   30      13.5  13.5   16       0.4   0.4    2       0.0   0.0    0       0.0   0.0    0       0.0   0.0    0       0.0   0.0    0                                                                      0.9   0.9    2                                                 0.9   0.9    6                            0.5   0.6    4                            0.1   0.1    1       4.6   4.6    7       8.2   8.4   20       9.8   9.9   21
  25      17.8  17.8   20      21.3  21.3   21       0.1   0.1    1       1.7   1.7    1       1.1   1.1    1       1.2   1.2    3       0.0   0.0    0                                                                      0.7   0.7    2                                                 0.0   0.0    0                            1.5   1.5    1                            0.3   0.3    2      16.3  16.4   21       8.0   8.1   14      26.7  26.7   74
  26      14.5  14.5   15      13.5  13.5   23       1.2   1.2    1       0.0   0.0    0       0.6   0.7    1       0.0   0.0    0       0.0   0.0    0                                                                      0.0   0.0    0                                                 0.0   0.0    0                            2.4   2.4    2                            0.2   0.2    1       5.8   5.8   10       9.4   9.5   20      19.3  19.3   66
  27      22.2  22.2   32      20.8  20.8   37       2.5   2.6    2       0.2   0.2    2       0.0   0.0    0                                                                                                                0.0   0.0    0                                                 0.0   0.0    0                            0.7   0.7    1                            0.0   0.0    0      21.4  21.5   36       8.1   8.2   31      38.5  38.6  184
  28      16.1  16.1   26      22.6  22.7   44       0.0   0.0    0       0.2   0.2    2       1.9   1.9    3                                                                                                                0.0   0.0    0                                                 0.0   0.0    0                            0.0   0.0    0                            0.4   0.4    1      17.0  17.1   25       3.4   3.4   14      33.2  33.3  100
  29      20.7  20.7   23      16.2  16.2   30       0.0   0.1    0       0.2   0.2    1                                                                                                                                     1.8   1.8    1                                                 0.0   0.0    0                            0.0   0.0    0                            0.0   0.0    0      20.1  20.1   27       7.1   7.1    2      36.5  36.6  136
  30      30.9  30.9   36      33.5  33.5   49       3.4   3.4    8       0.8   0.8    1                                                                                                                                     4.4   4.4    4                                                 0.0   0.0    0                            0.0   0.0    0                            0.0   0.0    1      30.0  30.2   53                           38.3  38.4  139
  31      23.6  23.6   37      33.2  33.3   52       0.3   0.4    1       0.9   0.9    1                                                                                                                                     1.7   1.7    1                                                 0.0   0.0    1                            0.4   0.4    1                            0.0   0.0    0       0.0   0.0    0                                          
  32      15.5  15.5   22      38.3  38.4   60       5.5   5.5   10       0.9   0.9    1                                                                                                                                     0.5   0.5    2                                                 0.0   0.0    0                            0.2   0.3    1                            0.0   0.0    0                                                               
  33      25.0  25.0   40      19.9  20.0   47       0.0   0.1    0       0.0   0.0    0                                                                                                                                     0.0   0.0    0                                                 0.0   0.0    0                            0.0   0.0    0                            3.4   3.4   13                                                               
  34      22.0  22.0   24      24.4  24.5   21       0.0   0.1    0       0.4   0.4    2                                                                                                                                     1.0   1.0    1                                                 0.0   0.0    0                            0.0   0.0    0                            0.5   0.5    1                                                               
  35      41.9  41.9   68      38.3  38.3   73       0.5   0.5    3       0.2   0.2    1                                                                                                                                     0.0   0.0    0                                                 0.0   0.0    0                            0.0   0.0    0                            0.0   0.0    0                                                               
  36      37.2  37.2   58      32.9  33.0   60       0.0   0.1    0       1.6   1.6    1                                                                                                                                                                                                    0.0   0.0    0                            0.0   0.0    0                                                                                                         
  37                           46.1  46.1  112       0.2   0.2    3       0.9   1.0    8                                                                                                                                                                                                    0.4   0.5    5                            0.0   0.1    1                                                                                                         
  38                                                 0.6   1.0    3       0.2   0.2    1                                                                                                                                                                                                    0.0   0.0    0                            0.0   0.0    0                                                                                                         
  39                                                 0.0   0.3    0       0.5   0.5    6                                                                                                                                                                                                    0.0   0.1    2                            0.0   0.0    0                                                                                                         
  40                                                 0.0   0.1    0       4.4   4.4    4                                                                                                                                                                                                    0.0   0.0    1                            0.0   0.0    0                                                                                                         
  41                                                 1.0   1.1    4       0.1   0.1    1                                                                                                                                                                                                    0.0   0.0    0                                                                                                                                                   
  42                                                 0.0   0.0    0       0.1   0.1    1                                                                                                                                                                                                    0.1   0.1    4                                                                                                                                                   
  43                                                 0.0   0.0    0       0.0   0.0    0                                                                                                                                                                                                    0.0   0.0    0                                                                                                                                                   
  44                                                 0.0   0.1    0       0.0   0.0    0                                                                                                                                                                                                    0.3   0.3    2                                                                                                                                                   
  45                                                 0.1   0.5    1                                                                                                                                                                                                                         0.0   0.0    0                                                                                                                                                   
  46                                                 0.0   0.1    0                                                                                                                                                                                                                         0.1   0.1    1                                                                                                                                                   
  47                                                 0.7   0.9    1                                                                                                                                                                                                                         0.1   0.1    1                                                                                                                                                   
  48                                                 0.0   0.0    0                                                                                                                                                                                                                         0.5   0.6    2                                                                                                                                                   
  49                                                 0.3   0.4    3                                                                                                                                                                                                                         0.0   0.0    0                                                                                                                                                   
  50                                                 1.0   1.2    3                                                                                                                                                                                                                         0.0   0.0    0                                                                                                                                                   
  51                                                                                                                                                                                                                                                                                        0.0   0.0    0                                                                                                                                                   
  52                                                                                                                                                                                                                                                                                        0.0   0.0    0                                                                                                                                                   
  53                                                                                                                                                                                                                                                                                        0.0   0.0    0                                                                                                                                                   
  54                                                                                                                                                                                                                                                                                        0.0   0.0    0                                                                                                                                                   
  55                                                                                                                                                                                                                                                                                        0.0   0.2    1                                                                                                                                                   
  56                                                                                                                                                                                                                                                                                        0.0   0.0    0                                                                                                                                                   
  57                                                                                                                                                                                                                                                                                        0.9   0.9    5                                                                                                                                                   
  58                                                                                                                                                                                                                                                                                        0.1   0.1    1                                                                                                                                                   
  59                                                                                                                                                                                                                                                                                        0.2   0.3    3                                                                                                                                                   
  60                                                                                                                                                                                                                                                                                        0.8   0.9    4                                                                                                                                                   

CASE-CONTROL, steps 1-10 (arms that went bad: G, I; stayed healthy: A). Repetitive blocks by the sign of the rollout advantage they were trained with.
  adv>0 = the loop sat in a REWARDED rollout (reinforced); adv<0 = punished; adv=0 = zero-variance group (no gradient). advtok = sum(adv x block tokens).
arm                                      rep blocks  adv>0    tokens    advtok self-exited  runaway |  adv<0    tokens    advtok |  adv=0    tokens |  rewarded rollouts w/ loop
--- steps 1-10
chain G  MINF from0, no prefix cache             59      0         0         0           0        0 |     25 1,700,449 -1,063,210 |     34 1,887,258 |                          0
chain I  MINF from0, prefix cache on             79      1    14,934     5,658           1        0 |     22 1,057,893  -738,649 |     56 3,584,299 |                          1
chain J  MINF from0, prefix cache on, replica 2         82      8    83,636    87,245           7        1 |     28 1,509,981 -1,149,690 |     46 2,886,844 |                          5
run A    vLLM from0                              59      0         0         0           0        0 |     13   862,661  -778,340 |     46 1,978,769 |                          0
chain K  vLLM from0, seed 1234                   72      1    82,733    39,960           0        1 |     35 1,816,263  -824,914 |     36 2,781,261 |                          1
chain M  vLLM from0, replica 1 (J args)          75      1   129,730    33,496           1        0 |     26 1,461,930 -1,108,232 |     48 2,945,148 |                          1
chain N  vLLM from0, replica 2 (J args)          76      0         0         0           0        0 |     27 1,193,277  -888,250 |     49 2,972,782 |                          0
chain S  vLLM from0, 9-15 stack, masking off         64      4    80,723    59,213           2        2 |     16   667,403  -474,492 |     44 2,443,366 |                          2
chain T  MINF from0, 9-15 stack, masking off          2      0         0         0           0        0 |      0         0         0 |      2    39,608 |                          0
chain U  MINF from0, main915 stack                0      0         0         0           0        0 |      0         0         0 |      0         0 |                          0
chain V  MINF from0, vLLM-parity adapter, prefix cache kept         66      3    79,883   106,605           2        1 |     20 1,200,774  -888,266 |     43 2,515,089 |                          2
chain V2 MINF from0, vLLM-parity adapter, seed 1234         15      0         0         0           0        0 |      4   324,936  -307,524 |     11   612,362 |                          0
chain V3 MINF from0, vLLM-parity adapter, seed 4321          9      0         0         0           0        0 |      0         0         0 |      9   280,107 |                          0
chain P⁗ MINF from0, prefix cache kept across refits         59      0         0         0           0        0 |     20 1,339,955 -1,068,286 |     39 2,674,030 |                          0
chain P⁗2 MINF from0, prefix cache kept, seed 1234         63      0         0         0           0        0 |     28 1,656,709  -816,138 |     35 1,841,092 |                          0
chain Q⁗ vLLM from0, vLLM prefix caching disabled         95      2    13,657    17,767           2        0 |     23 1,599,568 -1,030,970 |     70 3,629,783 |                          2
chain Q⁗2 vLLM from0, prefix caching disabled, seed 1234         53      1    17,164     8,290           1        0 |     22 1,167,481  -761,845 |     30 1,894,575 |                          1
--- steps 11-20
chain G  MINF from0, no prefix cache            103      4   142,378    41,367           2        2 |     38 2,572,223 -1,931,337 |     61 4,100,205 |                          4
chain I  MINF from0, prefix cache on             97      9   248,130   231,417           8        1 |     24 1,039,968  -904,245 |     64 3,125,177 |                          5
chain J  MINF from0, prefix cache on, replica 2         74      1     2,426     3,315           1        0 |     22 1,387,088  -835,647 |     51 3,081,566 |                          1
run A    vLLM from0                              48      0         0         0           0        0 |     14   693,593  -530,295 |     34 1,703,586 |                          0
chain K  vLLM from0, seed 1234                   54      1    42,602    38,499           0        1 |     13 1,005,331  -472,303 |     40 2,494,004 |                          1
chain M  vLLM from0, replica 1 (J args)          65      1    32,016    43,743           1        0 |     19   904,336  -571,205 |     45 2,257,787 |                          1
chain N  vLLM from0, replica 2 (J args)          37      3   116,541    35,803           2        1 |      5   438,624  -300,952 |     29 2,193,261 |                          3
chain S  vLLM from0, 9-15 stack, masking off         11      0         0         0           0        0 |      3   121,562  -142,135 |      8   684,374 |                          0
chain V  MINF from0, vLLM-parity adapter, prefix cache kept         43      1     7,077     7,077           1        0 |     14   713,435  -419,815 |     28 1,995,206 |                          1
chain P⁗ MINF from0, prefix cache kept across refits         12      0         0         0           0        0 |      4   212,440  -112,438 |      8   594,408 |                          0
chain P⁗2 MINF from0, prefix cache kept, seed 1234         83      0         0         0           0        0 |     29 1,947,844 -1,764,326 |     54 2,793,583 |                          0
chain Q⁗ vLLM from0, vLLM prefix caching disabled         97      2    49,176    34,930           2        0 |     27 1,491,758 -1,588,444 |     68 3,579,216 |                          2
chain Q⁗2 vLLM from0, prefix caching disabled, seed 1234         28      2     8,288     8,397           2        0 |      9   690,970  -459,232 |     17 1,154,105 |                          2
chain F  MINF from vLLM step 10                  29      3    43,253    35,589           3        0 |      7   373,639  -414,371 |     19 1,324,874 |                          2
chain L  MINF from chain K step 10, prefix cache on         74      4   241,810   178,712           2        2 |     29 1,309,524 -1,057,132 |     41 2,445,744 |                          2
run B    MINF from MINF step 10                 110      2    36,330    25,630           2        0 |     26 1,639,814 -1,272,555 |     82 4,100,617 |                          2
chain D  vLLM from MINF step 10                  97      4    49,546    55,032           3        1 |     39 2,186,636 -1,362,593 |     54 3,808,727 |                          3
--- steps 21-30
chain G  MINF from0, no prefix cache            216      5   240,456    63,509           4        1 |     63 4,015,302 -3,014,438 |    148 9,579,869 |                          5
chain I  MINF from0, prefix cache on            254      8   328,779   306,311           6        2 |    110 4,105,664 -2,573,040 |    136 7,080,300 |                          7
chain J  MINF from0, prefix cache on, replica 2         23      2    20,813    18,699           2        0 |      7   524,141  -315,253 |     14   645,928 |                          2
run A    vLLM from0                               8      0         0         0           0        0 |      1    13,042    -8,909 |      7   234,790 |                          0
chain K  vLLM from0, seed 1234                    9      0         0         0           0        0 |      6   353,523  -366,782 |      3   173,819 |                          0
chain M  vLLM from0, replica 1 (J args)           6      0         0         0           0        0 |      2   114,842   -29,652 |      4   119,651 |                          0
chain N  vLLM from0, replica 2 (J args)           4      0         0         0           0        0 |      1   155,257  -122,467 |      3   226,204 |                          0
chain V  MINF from0, vLLM-parity adapter, prefix cache kept         18      0         0         0           0        0 |      3   179,630  -280,214 |     15   686,239 |                          0
chain P⁗ MINF from0, prefix cache kept across refits          6      0         0         0           0        0 |      1     8,026    -3,877 |      5    67,195 |                          0
chain P⁗2 MINF from0, prefix cache kept, seed 1234         46      1    27,514    18,795           0        1 |     20 1,000,319 -1,015,214 |     25 1,741,037 |                          1
chain Q⁗ vLLM from0, vLLM prefix caching disabled         14      2    19,601     7,427           2        0 |      5   342,650  -183,064 |      7   418,600 |                          1
chain F  MINF from vLLM step 10                  14      3    49,532    37,919           3        0 |      3    97,165   -67,373 |      8   437,919 |                          2
chain L  MINF from chain K step 10, prefix cache on        219      6   217,171   175,124           2        4 |     79 5,440,443 -3,836,801 |    134 8,587,213 |                          4
run B    MINF from MINF step 10                 151      6   166,753    69,025           6        0 |     51 3,029,433 -1,942,240 |     94 4,065,999 |                          5
chain D  vLLM from MINF step 10                 802     44 1,787,485 2,036,629          31       13 |    275 16,105,091 -10,496,568 |    483 21,206,965 |                         29

PER STEP, steps 1-10: repetitive blocks in rewarded rollouts (adv>0) -> count / tokens, and in punished rollouts (adv<0) -> count / tokens
step  G: +n    +tok   -n    -tok  I: +n    +tok   -n    -tok  A: +n    +tok   -n    -tok
   1      0       0    2  62,265      0       0    1  18,327      0       0    1  86,766
   2      0       0    0       0      1  14,934    0       0      0       0    1 133,574
   3      0       0    1 124,831      0       0    0       0      0       0    0       0
   4      0       0    3 165,106      0       0    2  98,985      0       0    2  94,488
   5      0       0    2 161,959      0       0    2  90,082      0       0    1  83,889
   6      0       0    1  30,132      0       0    6 373,017      0       0    0       0
   7      0       0    5 638,136      0       0    6 433,970      0       0    5 358,266
   8      0       0    8 290,199      0       0    4  31,714      0       0    1  35,704
   9      0       0    1  93,230      0       0    0       0      0       0    0       0
  10      0       0    2 134,591      0       0    1  11,798      0       0    2  69,974
