main MINF chain (nano35-swe-v2-stream128-inorder1-cmh-64n-minf): 37510 rollout result dirs read from 8 Gym results dirs
rollouts whose instance is not in the step map (steps > 36 or unknown): 14846

MAIN MINF CHAIN per train step (from OpenHands per-turn token usage; 'turn' = one assistant message incl. its thinking):
step     n resolved compl tok mean     p50 longest turn p50      p99      max | rollouts w/ turn >=8k  >=30k  >=100k
   1   512    0.383         27,003  21,294            1,622   12,615  111,490 |                    13      4       1
   2   512    0.529         20,942  17,069            1,338    7,968  104,466 |                     6      1       1
   3   512    0.229         26,457  23,547            1,790   18,813  110,524 |                    21      3       1
   4   512    0.428         27,801  25,174            1,759   20,857   98,248 |                    34      3       0
   5   512    0.232         32,562  32,382            2,088   12,075  109,057 |                    16      1       1
   6   512    0.383         25,942  19,640            1,568   15,667   97,902 |                    11      5       0
   7   512    0.400         25,444  21,946            1,732   12,753  145,326 |                    12      4       4
   8   512    0.279         33,636  27,756            2,124  135,819  180,464 |                    37     17      10
   9  1022    0.163         14,231   5,162              708   10,116  137,444 |                    19      4       2
  10   659    0.275         19,999  16,175            1,337   14,389  103,506 |                    33      3       2
  11   512    0.279         27,928  25,576            1,826   15,596  102,435 |                    18      5       2
  12   512    0.344         26,878  22,426            2,076   13,368   62,313 |                    29      1       0
  13  1024    0.271         30,782  29,520            2,168   14,975  134,460 |                    46      5       3
  14  1024    0.266         26,040  22,198            1,820   12,668  121,312 |                    59      5       1
  15   512    0.225         32,565  28,122            2,186   92,659  120,881 |                    35     11       5
  16   512    0.299         32,807  27,912            2,198   96,251  155,615 |                    30     12       4
  17   512    0.242         25,407  19,316            1,517   47,904   91,592 |                    20      8       0
  18   512    0.289         27,708  24,820            2,020   32,768   99,159 |                    37      6       0
  19  1024    0.257         35,407  31,924            2,936   98,778  149,178 |                   122     32      10
  20  1024    0.361         29,337  24,624            2,010   17,373  124,619 |                    55     10       2
  21   512    0.314         29,966  26,401            1,950   44,547  117,257 |                    36      9       1
  22   512    0.426         27,900  21,753            1,882   81,156  160,195 |                    31     12       3
  23   512    0.287         28,873  26,032            2,128   56,894  108,541 |                    39      7       1
  24   512    0.309         30,536  27,226            2,460   33,538  125,932 |                    45      6       2
  25   512    0.234         28,574  23,147            1,774  113,975  150,119 |                    45     18       8
  26   512    0.283         30,154  24,194            2,064   59,551  113,629 |                    45      6       2
  27  1019    0.177         21,291  17,000            1,244   56,837  151,641 |                    80     16       6
  28  1021    0.139         15,229   7,818              776   13,931  124,444 |                    28      4       2
  29   512    0.305         27,996  24,944            2,118   18,521  113,972 |                    32      4       1
  30   512    0.250         32,595  30,062            2,462   81,103   94,605 |                    64     17       0
  31   512    0.461         31,705  25,598            2,360  101,629  122,809 |                    55     16       6
  32   512    0.195         32,383  27,283            2,470   93,965  111,073 |                    61     20       3
  33   512    0.258         31,308  27,458            2,506   47,867   85,826 |                    55     10       0
  34   512    0.238         28,939  25,878            2,326   43,139  115,256 |                    39      6       2
  35   512    0.254         31,733  26,574            2,602   89,984  129,557 |                    60     12       4
  36  1023    0.272         16,444  10,231            1,049   17,974  112,991 |                    56      4       1

DUMP ARMS per train step (from token dumps; 'block' = one reasoning block, i.e. the thinking part of a turn), 512 trained rollouts per step:
step chain G MINF from0 no-pfx: blk p99  >=8k  >=30k  >=100k chain I MINF from0 pfx-on: blk p99  >=8k  >=30k  >=100k    run A vLLM from0: blk p99  >=8k  >=30k  >=100k
   1                       12,455     7      2       0                        8,851     6      2       0                       41,990    14      7       1
   2                        5,444     1      0       0                        7,227     3      1       0                        7,726     5      2       1
   3                       14,352    16      2       2                       14,038    18      1       0                       10,588    10      0       0
   4                       16,822    27      2       0                       15,924    27      4       1                       14,247    31      1       0
   5                       11,208    18      3       0                       18,633    24      4       1                       10,913    19      2       0
   6                        9,579    12      1       0                       15,353    15      3       2                        7,985     6      0       0
   7                      112,297    17      7       6                       12,536    15      5       2                       10,275    11      4       2
   8                       94,695    40     15       5                      135,178    38     18      15                       97,149    35     11       5
   9                       10,641    14      2       0                        9,472     7      1       0                        7,540     4      0       0
  10                       12,750    21      1       1                       14,399    29      3       0                       16,957    28      3       0
  11                       12,118    14      2       1                       10,503    11      3       1                       18,167    21      5       3
  12                       24,535    19      4       1                       60,188    27      8       0                       11,608    21      2       0
  13                       14,505    14      4       1                       11,401    15      4       0                       11,885    14      2       1
  14                       10,298    16      3       0                       17,259    24      3       0                       11,424    18      1       0
  15                       89,250    29     13       2                       36,707    16      7       1                       12,971    17      3       2
  16                      104,770    37     15       6                       60,602    22      9       0                       12,805    23      3       1
  17                       19,094    12      4       3                        9,994    12      2       0                       10,612    13      1       0
  18                       11,362    20      4       1                       15,446    14      3       1                       11,014    12      1       0
  19                      107,762    39     14       9                       87,499    34     15       2                       42,809    28      6       2
  20                       56,574     9      6       2                        7,559     5      1       0                        9,759     7      0       0
  21                       66,215    18      7       3                       20,939     8      4       0                        7,935     3      0       0
  22                       94,368    17      9       5                       20,449    15      5       1                        7,875     5      0       0
  23                       57,283    24      8       1                        8,529     8      2       0                        9,971    16      0       0
  24                      108,546    23     10       6                                                                         11,161    15      0       0
  25                       93,255    23     12       4                                                                         13,266    17      1       1
  26                      101,777    26     10       7                                                                         12,987    27      0       0
  27                      115,947    60     21      11                                                                         12,559    40      0       0
  28                       66,038    29     15       2                                                                          9,860    11      0       0
  29                      107,068    25     14       6                                                                          9,575    17      0       0
  30                      125,914    49     29      18                                                                         11,740    19      0       0
  31                       97,777    43     22       5                                                                                                    
  32                       82,635    26     13       2                                                                                                    
  33                      112,246    33     20       8                                                                                                    
  34                      108,203    29     17       9                                                                                                    
  35                      147,895    62     40      27                                                                                                    
  36                      135,978    65     40      19                                                                                                    
