SHARPNESS OF NORMAL REASONING: token-weighted mean log p of sampled tokens in NORMAL blocks (loops excluded). Higher (closer to 0) = model more certain of what it samples.
Per step: arm means; G-A and I-A = paired difference over the step's 32 SWE instances (instance means of 16 gens), p = sign-flip test on those 32 pairs.
step        G        I        A        F        B        D |      G-A     p |      I-A     p |  cum G-A
   1  -0.3103  -0.3062  -0.3038                            |  -0.0047  0.15 |   0.0012  0.75 |  -0.0047
   2  -0.3057  -0.3072  -0.3130                            |   0.0074  0.01 |   0.0047  0.10 |  +0.0014
   3  -0.2708  -0.2684  -0.2666                            |  -0.0008  0.75 |   0.0015  0.62 |  +0.0006
   4  -0.2719  -0.2724  -0.2736                            |   0.0015  0.61 |  -0.0003  0.92 |  +0.0009
   5  -0.2673  -0.2651  -0.2673                            |  -0.0004  0.89 |  -0.0005  0.89 |  +0.0006
   6  -0.2869  -0.2894  -0.2905                            |   0.0039  0.10 |  -0.0003  0.91 |  +0.0012
   7  -0.2763  -0.2758  -0.2738                            |  -0.0042  0.30 |  -0.0041  0.23 |  +0.0004
   8  -0.2660  -0.2647  -0.2677                            |   0.0007  0.84 |   0.0000  1.00 |  +0.0004
   9  -0.2674  -0.2787  -0.2747                            |   0.0046  0.05 |  -0.0029  0.30 |  +0.0009
  10  -0.2641  -0.2690  -0.2708                            |   0.0069  0.05 |  -0.0030  0.23 |  +0.0015
  11  -0.2692  -0.2868  -0.2723  -0.2806  -0.2806  -0.2856 |   0.0045  0.20 |  -0.0153  0.00 |  +0.0018
  12  -0.2670  -0.2802  -0.2725  -0.2765  -0.2793  -0.2798 |   0.0043  0.10 |  -0.0135  0.00 |  +0.0020
  13  -0.2682  -0.2899  -0.2767  -0.2754  -0.2790  -0.2831 |   0.0089  0.02 |  -0.0182  0.00 |  +0.0025
  14  -0.2569  -0.2817  -0.2693  -0.2682  -0.2788  -0.2763 |   0.0086  0.01 |  -0.0251  0.00 |  +0.0029
  15  -0.2502  -0.2819  -0.2665  -0.2640  -0.2749  -0.2696 |   0.0170  0.00 |  -0.0239  0.00 |  +0.0039
  16  -0.2546  -0.2948  -0.2774  -0.2707  -0.2889  -0.2775 |   0.0201  0.00 |  -0.0304  0.00 |  +0.0049
  17  -0.2776  -0.3209  -0.2961  -0.2916  -0.3051  -0.2988 |   0.0223  0.00 |  -0.0291  0.00 |  +0.0059
  18  -0.2618  -0.3061  -0.2867  -0.2767  -0.3022  -0.2825 |   0.0229  0.00 |  -0.0311  0.00 |  +0.0069
  19  -0.2492  -0.2956  -0.2728  -0.2706  -0.2858  -0.2592 |   0.0242  0.00 |  -0.0386  0.00 |  +0.0078
  20  -0.2642  -0.3164  -0.2848  -0.2815  -0.3015  -0.2733 |   0.0169  0.00 |  -0.0433  0.00 |  +0.0082
  21  -0.2637  -0.3238  -0.2914  -0.2850  -0.3069  -0.2654 |   0.0214  0.00 |  -0.0411  0.00 |  +0.0089
  22  -0.2602  -0.3153  -0.2860  -0.2800  -0.3031  -0.2614 |   0.0186  0.00 |  -0.0399  0.00 |  +0.0093
  23  -0.2556  -0.3123  -0.2775  -0.2783  -0.2991  -0.2517 |   0.0139  0.00 |  -0.0515  0.00 |  +0.0095
  24  -0.2501  -0.3001  -0.2809  -0.2745  -0.2880  -0.2510 |   0.0220  0.00 |  -0.0384  0.00 |  +0.0100
  25  -0.2674  -0.3175  -0.3023  -0.3047  -0.3084  -0.2590 |   0.0163  0.00 |  -0.0433  0.00 |  +0.0103
  26  -0.2454  -0.2957  -0.2813  -0.2834  -0.2913  -0.2424 |   0.0221  0.00 |  -0.0410  0.00 |  +0.0107
  27  -0.2335  -0.2821  -0.2832  -0.2884  -0.2882  -0.2263 |   0.0366  0.00 |  -0.0273  0.00 |  +0.0117
  28  -0.2495  -0.3219  -0.2996  -0.3026  -0.3029  -0.2390 |   0.0351  0.00 |  -0.0154  0.41 |  +0.0125
  29  -0.2548           -0.3156  -0.3072  -0.3444  -0.2412 |   0.0420  0.00 |            nan |  +0.0135
  30  -0.2436           -0.3050  -0.2962           -0.2270 |   0.0421  0.00 |            nan |  +0.0145
  31  -0.2424           -0.3076  -0.2969                   |   0.0489  0.00 |            nan |  +0.0156
  32  -0.2310           -0.2995  -0.2898                   |   0.0579  0.00 |            nan |  +0.0169
  33  -0.2449           -0.3187  -0.2973                   |   0.0546  0.00 |            nan |  +0.0181
  34  -0.2460           -0.3293  -0.2977                   |   0.0644  0.00 |            nan |  +0.0194
  35  -0.2273           -0.3191  -0.2918                   |   0.0723  0.00 |            nan |  +0.0209
  36  -0.2209           -0.3619                            |   0.0493  0.02 |            nan |  +0.0211
