STEP 1 - REASONING-BLOCK LABELING (token dumps; one row per (arm, train step); every available step)
Legend: blocks = reasoning (thinking) blocks; loop-like = block >= 1000 tokens whose text compresses to < 10 % with zlib (heavy repetition), and which DID close with </think>;
        runaway = last block of a context-window-truncated rollout with no </think>; tok share = share of all reasoning tokens in loop-like + runaway blocks;
        exited = loop-like blocks that ended with </think> (partial loops that recovered); blk p95 = 95th percentile block length in tokens.

chain G  MINF from scratch, no prefix cache
step rollouts  blocks loop-like runaway tok share blk p50 blk p95  blk max loop tok p50
   1      512   55699         3       4      1.3%      22     489    56657         4286
   2      512   43693         0       0      0.0%      25     547     8537            0
   3      512   47394         1       3      3.8%      25     636   124831       108359
   4      512   49854         2       6      2.3%      24     641    90821         3742
   5      512   56906         0       3      2.6%      25     689    81469        80490
   6      512   48105         5       4      0.9%      23     574    30132         1489
   7      512   43432         3       8     12.3%      26     658   151667       116217
   8      512   48223        11      18     17.1%      24     728   177644        46199
   9      512   45764         3       5      3.0%      26     707    95002         6079
  10      512   44478         1       5      2.3%      24     678   115743        18848
  11      512   48535         1       6      2.7%      24     682   116849          603
  12      512   44723         3       5      5.3%      25     709   113605        81270
  13      512   53427         5       4      4.0%      23     631   115643        31763
  14      512   41836         4       5      4.7%      23     690    91215        17935
  15      512   48397         9      11     12.9%      26     724   116806        61121
  16      512   49643         8      12     16.5%      23     663   134735        82696
  17      512   38418         6       3      9.2%      26     627   150440        37567
  18      512   42118         2       4      5.4%      24     727   127679        72967
  19      512   45586         3      14     15.6%      25     850   135189       100685
  20      512   44752         5       8      8.9%      26     687   119510        56760
  21      512   43285         3       5     10.7%      25     632   156459        99295
  22      512   37917         5       8     14.3%      25     693   159688        75566
  23      512   41898         7       8      8.9%      25     649   123358        24733
  24      512   40253        21      14     16.2%      26     747   153887         6489
  25      512   37890        11       9     17.8%      25     675   136626        64733
  26      512   37824         6       9     14.5%      25     744   139400        70877
  27      512   40602        12      22     22.2%      25     869   161480        64733
  28      512   39291        13      13     16.1%      25     731   128805        45076
  29      512   39860         9      14     20.7%      25     725   172342        74783
  30      512   40468        11      26     30.9%      25     834   140291        96831
  31      512   40566        21      18     23.6%      25     739   121003        53848
  32      512   39686        10      14     15.5%      25     793   138458        55482
  33      512   41721        24      18     25.0%      25     750   158050        34672
  34      512   44154        10      15     22.0%      25     668   149866        72109
  35      512   42262        34      35     41.9%      25     774   160809        72452
  36      512   40790        21      39     37.2%      24     811   180429        63537

run A    vLLM from scratch
step rollouts  blocks loop-like runaway tok share blk p50 blk p95  blk max loop tok p50
   1      512   55335         5       6      7.3%      23     512   101980        42554
   2      512   41585         1       3      5.2%      25     546   133574        83135
   3      512   47372         0       0      0.0%      25     673    24481            0
   4      512   49163         1       6      1.4%      23     618    78748          899
   5      512   56441         3       9      1.7%      25     695    83889         1993
   6      512   46955         0       4      0.0%      24     561    12399          345
   7      512   45467         3       5      5.1%      26     706   111795        45784
   8      512   48746        18      13     14.1%      25     756   152727        16348
   9      512   45408         0       0      0.0%      26     694    23503            0
  10      512   43325         4       4      3.3%      24     693    75050        40531
  11      512   48449         3       5      6.8%      25     687   126208        89256
  12      512   46151         5       2      2.2%      26     760    63597         9086
  13      512   55580         0       4      2.3%      23     637   122346        50040
  14      512   42353         1       4      1.8%      24     728    94562          399
  15      512   51288         9       4      4.3%      26     764   116406         5522
  16      512   51197         1       3      2.8%      24     694   119305        70983
  17      512   41782         1       1      1.9%      27     636    77858        77858
  18      512   44944         1       8      1.4%      25     733    75720          304
  19      512   46017         8       4      6.3%      26     972   122050        46447
  20      512   45220         0       0      0.0%      27     728    16903            0
  21      512   47481         0       1      0.0%      27     696     9977          276
  22      512   39598         0       1      0.0%      27     806    10928           12
  23      512   44147         1       0      0.0%      27     776    22506         3614
  24      512   40010         0       0      0.0%      29    1062    18185            0
  25      512   38903         0       1      1.7%      28     843   122670       122670
  26      512   39531         0       1      0.0%      29    1000    17603           91
  27      512   43505         2       0      0.2%      31    1290    19985        16848
  28      512   39375         2       1      0.2%      31    1092    17936         5173
  29      512   38986         1       0      0.2%      30    1074    13042        13042
  30      512   39696         0       2      0.8%      32    1239    76731        76731
  31      512   38069         0       1      0.9%      32    1250    85541        85541
  32      512   37871         1       2      0.9%      33    1330    88534         1506
  33      512   39089         0       1      0.0%      36    1321    13432         1170
  34      512   39065         2       1      0.4%      38    1175    19301        18429
  35      512   38954         1       1      0.2%      35    1345    18542        18542
  36      128    5105         0       0      0.0%      30     859     6852            0

chain F  MINF from vLLM step 10
step rollouts  blocks loop-like runaway tok share blk p50 blk p95  blk max loop tok p50
  11      512   49053         6       5      2.6%      25     707    71475         6728
  12      512   46444         1       2      0.5%      25     690    18946        15407
  13      512   55147         1       3      0.8%      24     660    50352         7774
  14      512   43265         0       3      0.7%      24     714    49951          199
  15      512   51560         1       1      0.4%      27     768    35284        35284
  16      512   52248         1       8      6.9%      25     703   125459        87084
  17      512   41106         1       1      1.2%      27     623    42034        42034
  18      512   44703         0       3      0.1%      25     750    17826          942
  19      512   45219         2       5      5.1%      26     957   105735        88964
  20      512   46626         1       2      3.0%      27     726   127158        89879
  21      512   48682         2       0      1.2%      27     694    56107        56107
  22      512   39800         2       3      5.3%      27     804   145476        87749
  23      512   44067         2       0      0.6%      27     785    34437        34437
  24      512   41657         1       0      0.1%      28     925    17493        10687
  25      512   39997         2       0      0.3%      27     771    13814        13814
  26      512   40280         1       3      0.2%      28     919    15743          463
  27      512   41938         0       0      0.0%      30    1188    22562            0
  28      512   39193         0       1      0.4%      29     973    34275        34275
  29      512   39824         0       0      0.0%      29     906    15457            0
  30      512   39041         1       0      0.0%      30    1059    18619         3801
  31      512   37957         0       0      0.0%      29    1011    20271            0
  32      512   36662         0       0      0.0%      30    1034    13739            0
  33      512   36710        11       2      3.4%      31    1081   139893         7206
  34      512   38255         1       0      0.5%      32    1054    42354        42354
  35      512   37759         0       0      0.0%      30    1130    18939            0

run B    MINF from MINF step 10
step rollouts  blocks loop-like runaway tok share blk p50 blk p95  blk max loop tok p50
  11      512   51088         9       9      6.0%      25     705   112789        18447
  12      512   48512         8       4      2.1%      25     746    53543         6977
  13      512   58205         3       3      3.1%      23     649   132544        19816
  14      512   45451         1       9      8.3%      23     697   106356        81484
  15      512   53923         2      10      6.5%      26     766   110794        62529
  16      512   54949         3      10      7.9%      23     673   141356        67590
  17      512   45848         3       5      6.8%      26     643   116448        63728
  18      512   47218         2      14      3.1%      25     871   103069         1331
  19      512   49800        18      24     14.8%      25    1044   120754        37026
  20      512   51091         3       5      3.5%      26     828    93130        60329
  21      512   52804         7       8      5.7%      26     742   108436        22466
  22      512   43331        17      14     13.9%      26     929   162462        23277
  23      512   47930         9       5      4.1%      26     810    99583        22915
  24      512   46283        13       9      8.4%      27    1090   146683        22103
  25      512   44026        10       5      8.1%      27    1042   141814        68791
  26      512   43205         9      14      9.5%      28    1242   143943        32142
  27      512   47524        19      17      8.2%      29    1534   135685        19924
  28      512   44440         9       8      3.4%      28    1260    56786        22868
  29      256   18452         0       3      7.1%      28     875   145007       108843

chain D  vLLM from MINF step 10
step rollouts  blocks loop-like runaway tok share blk p50 blk p95  blk max loop tok p50
  11      512   51948         2       6      3.6%      24     661   107941         5739
  12      512   46733         0       3      0.0%      25     718    19730          541
  13      512   55381         2       5      1.7%      23     684    80801        13049
  14      512   46390         1       7      5.3%      23     712   114520        92287
  15      512   53372         9      11     12.3%      26     814   156904        58905
  16      512   56225         9       6      6.2%      24     702   114821        13629
  17      512   46408         2       5      8.1%      26     630   153599        86197
  18      512   50159         3      10      3.0%      25     729    83465         4096
  19      512   54357         7      29     14.4%      26     952   123105        57565
  20      512   54235         8       7      7.8%      27     737   143310        29500
  21      512   57248         7       8      7.6%      27     741   131023        58593
  22      512   47996        11      21     18.0%      27     796   162186        46738
  23      512   55228        19      20     14.8%      27     776   130099        24099
  24      512   52274        11      17      9.9%      28     924   104607        28990
  25      512   51138        48      32     26.7%      28     816   142102        16611
  26      512   52781        41      28     19.3%      28     867   158229        15621
  27      512   55696       108      89     38.6%      30    1188   173360        29994
  28      512   50499        42      62     33.3%      28    1000   154106        40944
  29      512   53748        77      64     36.6%      28     908   154788        28293
  30      512   51612        74      72     38.4%      30    1135   168467        38670

chain I  MINF from scratch, prefix cache on
step rollouts  blocks loop-like runaway tok share blk p50 blk p95  blk max loop tok p50
   1      512   54416         8       3      4.2%      23     507    83660        17997
   2      512   43250         3       4      2.0%      25     560    51224         7358
   3      512   47019         1       3      0.9%      25     654    55330         4995
   4      512   50333         3       4      4.8%      23     621   134066        44878
   5      512   57590         4       9      3.5%      26     701   114166         1906
   6      512   46454         3       4      6.1%      23     575   133101        27144
   7      512   43292         3       7      8.5%      26     676   123682        74514
   8      512   48769        16      18     22.8%      25     763   147347        80111
   9      512   46446         0       5      1.4%      25     663    89273          587
  10      512   43765         1       7      3.4%      24     672    75722        11798
  11      512   49400         5       4      4.0%      24     624   101646         5128
  12      512   46147         6       5      8.1%      25     668    99586        62186
  13      512   55295         1       6      3.8%      23     585    91066        32021
  14      512   41913         5       8      5.0%      23     646    94372        10566
  15      512   50273        11       5      6.7%      26     676   108782        30700
  16      512   51404         8       9      8.5%      23     602    94692        34790
  17      512   37589         3       3      4.3%      26     550    56259        36276
  18      512   43036         1       5      3.9%      24     630   114293        40706
  19      512   47986        15      18     15.6%      24     666   132245        26017
  20      512   47523         3       3      0.8%      26     582    32251         3662
  21      512   48055         8       5      5.4%      24     540    62600        18813
  22      512   40604         9      10     11.2%      24     575   158828        11893
  23      512   46873         5       8      4.3%      24     526    85377         6502
  24      512   44982        10       9     13.5%      25     612   132937        37069
  25      512   41136        12      11     21.3%      24     519   125348        39115
  26      512   41961        15      12     13.5%      24     583   137630         8056
  27      512   52269        25      14     20.8%      24     642   151932        32366
  28      144    6047         0       0      0.0%      25     498     5949            0

CALIBRATION - zlib compression ratio of reasoning blocks >= 1000 tokens, all arms pooled (lower = more repetitive)
  zlib ratio bin   blocks   share median tokens share w/o </think>
     [0.00,0.03)     1496    0.6%         74954              75.4%
     [0.03,0.06)      399    0.2%         11676              33.3%
     [0.06,0.10)      376    0.1%          5308              12.8%
     [0.10,0.15)     1046    0.4%          4725               2.5%
     [0.15,0.20)     6352    2.4%          5079               0.6%
     [0.20,0.25)    35366   13.5%          3359               0.2%
     [0.25,0.30)    92755   35.3%          2004               0.1%
     [0.30,0.40)   123494   47.1%          1304               0.1%
     [0.40,1.01)     1139    0.4%          1080               0.2%
(a clean gap between the low-ratio mass and the bulk around 0.3 validates the 0.10 cut)
