HSG vLLM-parity arms: loop-token share per training step (repetitive reasoning blocks >= 1,000 tok, zlib < 10 %).
joint % = loop tokens / all generated tokens of the step (the column used in the CMH main table); strict % = loop tokens / reasoning tokens.
CMH comparators (joint %) at the same step: V/V2/V3 = chain V and seed replicas (vLLM-parity MINF), P4/P4b = chain P'''' and seed replica (MINF keep-prefix), J = chain J (MINF clean), G = chain G (MINF poisoned), A = run A (vLLM), K = chain K (vLLM seed 1234), Q4 = chain Q'''' (vLLM, prefix caching off).

 arm step rows    gen tok  reas tok joint% strict% rep blk +adv -adv 0adv runaway trunc blk max |     V    V2    V3    P4   P4b     J     G     A     K    Q4
  VH    1  512 13,470,660 6,092,558    2.3     5.1       5    0    2    3       8    11  84,795 |   2.3   2.7   0.8   1.1   2.2   1.8   0.6   3.5   0.5   4.8
  VH    2  512 10,570,273 4,849,751    0.6     1.3       2    0    0    2       1     1  55,110 |   0.1   0.1   0.1   1.9   1.4   1.9   0.0   2.5   3.7   0.0
  VH    3  512 13,239,936 6,709,187    1.0     1.9       4    0    0    4       0     0  81,068 |   3.1   2.5   1.0   1.5   1.5   4.0   1.9   0.0   1.5   3.4
  VH    4  512 14,200,064 7,137,822    1.7     3.4       6    0    2    4       7     8 115,472 |   2.1   0.7         4.0   2.1   3.4   1.2   0.7   1.9   3.2
  VH    5  512 14,898,037 7,421,102    0.0     0.0       0    0    0    0       1     1  13,960 |   1.6   4.2         0.9   1.6   0.0   1.4   0.8   3.5   0.9
  VH    6  512  8,805,101 3,848,950    0.0     0.0       0    0    0    0       0     0 105,641 |   2.3               3.0   2.3   0.7   0.4   0.0   2.4   0.4
  VH    7  512 12,352,714 6,780,807    4.9     8.9       9    0    5    4       7     7 146,045 |   5.1               3.5   4.1   3.3   6.7   2.7   4.4   7.7
  VH    8  512 14,066,968 7,770,948   12.6    22.8      18    0    0   18      13    13 156,454 |   7.2               9.5   5.9  10.9   9.2   7.5   9.7   9.7
  VH    9  128  1,053,437   386,521    0.0     0.0       0    0    0    0       0     0   4,275 |   0.9               1.4   2.6   3.1   1.6   0.0   3.4   3.2
 VH2    1  512 10,705,431 4,689,281    0.0     0.0       0    0    0    0       0     0   7,717 |   2.3   2.7   0.8   1.1   2.2   1.8   0.6   3.5   0.5   4.8
 VH2    2  512  9,246,533 4,319,815    0.0     0.0       0    0    0    0       0     0  10,244 |   0.1   0.1   0.1   1.9   1.4   1.9   0.0   2.5   3.7   0.0
 VH2    3  256  3,490,721 1,559,739    0.0     0.0       0    0    0    0       0     0  11,752 |   3.1   2.5   1.0   1.5   1.5   4.0   1.9   0.0   1.5   3.4
 VH3    1  512 10,500,510 4,558,476    0.8     1.9       1    0    1    0       1     1  87,235 |   2.3   2.7   0.8   1.1   2.2   1.8   0.6   3.5   0.5   4.8
 VH3    2  512  8,663,161 4,061,038    1.4     2.9       2    1    0    1       1     1 112,932 |   0.1   0.1   0.1   1.9   1.4   1.9   0.0   2.5   3.7   0.0
 VH3    3  512  8,803,996 4,417,771    0.0     0.0       0    0    0    0       0     0  26,121 |   3.1   2.5   1.0   1.5   1.5   4.0   1.9   0.0   1.5   3.4
 VH3    4  512  4,192,628 1,975,171    0.0     0.0       0    0    0    0       0     0   9,246 |   2.1   0.7         4.0   2.1   3.4   1.2   0.7   1.9   3.2
 VH3    5  512 12,966,028 6,107,224    0.1     0.2       1    0    0    1       0     0  17,122 |   1.6   4.2         0.9   1.6   0.0   1.4   0.8   3.5   0.9
 VH3    6  512  9,254,400 4,152,966    0.1     0.2       2    0    0    2       2     2 118,505 |   2.3               3.0   2.3   0.7   0.4   0.0   2.4   0.4
 VH3    7  512 13,126,298 7,123,427    4.5     8.3       6    1    4    1       8     8 147,283 |   5.1               3.5   4.1   3.3   6.7   2.7   4.4   7.7
 VH3    8  512 17,509,809 9,626,290   11.5    21.0      23    0    3   20      14    17 166,416 |   7.2               9.5   5.9  10.9   9.2   7.5   9.7   9.7
 VH3    9  512 12,937,487 6,910,039    0.6     1.1       2    1    1    0       2     3  51,480 |   0.9               1.4   2.6   3.1   1.6   0.0   3.4   3.2
 VH3   10  496 11,829,126 6,465,675    0.0     0.0       0    0    0    0       3     5  16,702 |   0.8               0.5   0.9   0.3   1.2   1.8   0.7   1.8
 VHn    1  512 12,644,400 5,729,630    1.4     3.2       3    0    1    2       1     1 138,579 |   2.3   2.7   0.8   1.1   2.2   1.8   0.6   3.5   0.5   4.8
 VHn    2  512 10,260,406 4,691,123    0.0     0.0       0    0    0    0       0     0  12,813 |   0.1   0.1   0.1   1.9   1.4   1.9   0.0   2.5   3.7   0.0
 VHn    3  512  8,984,097 4,581,096    3.7     7.3       3    0    0    3       2     3 127,979 |   3.1   2.5   1.0   1.5   1.5   4.0   1.9   0.0   1.5   3.4
 VHn    4  512  6,102,594 2,816,316    0.0     0.0       0    0    0    0       0     0  11,748 |   2.1   0.7         4.0   2.1   3.4   1.2   0.7   1.9   3.2
 VHn    5  512 13,609,355 6,683,540    0.5     1.1       1    0    0    1       2     3  73,832 |   1.6   4.2         0.9   1.6   0.0   1.4   0.8   3.5   0.9
 VHn    6  512  9,891,596 4,257,806    0.0     0.0       0    0    0    0       0     0   9,691 |   2.3               3.0   2.3   0.7   0.4   0.0   2.4   0.4
 VHn    7  512  5,000,761 2,369,521    0.0     0.0       0    0    0    0       0     0   9,762 |   5.1               3.5   4.1   3.3   6.7   2.7   4.4   7.7
 VHn    8  512 13,444,538 7,188,413   10.5    19.6      13    0    0   13       9    11 154,359 |   7.2               9.5   5.9  10.9   9.2   7.5   9.7   9.7
 VHn    9  512  9,787,404 5,001,205    0.0     0.0       0    0    0    0       1     1  11,398 |   0.9               1.4   2.6   3.1   1.6   0.0   3.4   3.2
VHn2    1  512  7,997,434 3,215,573    0.0     0.0       0    0    0    0       0     0   7,339 |   2.3   2.7   0.8   1.1   2.2   1.8   0.6   3.5   0.5   4.8
VHn2    2  512  6,653,611 2,947,338    0.0     0.0       0    0    0    0       0     0   6,085 |   0.1   0.1   0.1   1.9   1.4   1.9   0.0   2.5   3.7   0.0
VHn2    3  512  9,694,422 4,829,647    2.5     5.0       4    0    1    3       2     3 110,310 |   3.1   2.5   1.0   1.5   1.5   4.0   1.9   0.0   1.5   3.4
VHn2    4  512  7,378,008 3,529,239    0.0     0.0       0    0    0    0       0     0  15,468 |   2.1   0.7         4.0   2.1   3.4   1.2   0.7   1.9   3.2
VHn2    5  512  7,422,364 3,258,625    0.0     0.0       0    0    0    0       0     0  11,477 |   1.6   4.2         0.9   1.6   0.0   1.4   0.8   3.5   0.9
VHn2    6  512  4,959,982 2,090,066    0.9     2.2       1    1    0    0       0     0  45,686 |   2.3               3.0   2.3   0.7   0.4   0.0   2.4   0.4
VHn2    7  512  9,358,411 4,819,813    1.6     3.1       2    0    2    0       1     1 120,323 |   5.1               3.5   4.1   3.3   6.7   2.7   4.4   7.7
VHn2    8  512  5,538,057 2,722,248    3.0     6.1       1    0    0    1       1     1 166,509 |   7.2               9.5   5.9  10.9   9.2   7.5   9.7   9.7
VHn2    9  512  6,489,119 3,260,220    0.0     0.0       0    0    0    0       0     0  18,030 |   0.9               1.4   2.6   3.1   1.6   0.0   3.4   3.2
VHn2   10  512  4,475,216 2,110,366    0.0     0.0       0    0    0    0       0     0   9,775 |   0.8               0.5   0.9   0.3   1.2   1.8   0.7   1.8
VHn3    1  512  6,335,961 2,498,580    0.0     0.0       0    0    0    0       0     0   5,755 |   2.3   2.7   0.8   1.1   2.2   1.8   0.6   3.5   0.5   4.8
VHn3    2  512  5,277,634 2,290,077    0.0     0.0       0    0    0    0       0     0   5,368 |   0.1   0.1   0.1   1.9   1.4   1.9   0.0   2.5   3.7   0.0
VHn3    3  512  7,816,708 3,993,958    2.9     5.7       2    0    1    1       2     2 125,303 |   3.1   2.5   1.0   1.5   1.5   4.0   1.9   0.0   1.5   3.4
VHn3    4  512  5,739,448 2,743,219    2.2     4.5       2    0    1    1       2     2  89,965 |   2.1   0.7         4.0   2.1   3.4   1.2   0.7   1.9   3.2
VHn3    5  512 11,897,694 5,629,352    0.8     1.6       2    0    0    2       3     3  72,730 |   1.6   4.2         0.9   1.6   0.0   1.4   0.8   3.5   0.9
VHn3    6  512 12,673,861 5,477,824    0.3     0.6       2    0    2    0       1     1  24,481 |   2.3               3.0   2.3   0.7   0.4   0.0   2.4   0.4
VHn3    7  512  7,491,502 3,835,339    1.6     3.1       1    0    1    0       1     1 117,911 |   5.1               3.5   4.1   3.3   6.7   2.7   4.4   7.7
VHn3    8  128  4,629,891   937,478    0.0     0.0       0    0    0    0       0     0  15,236 |   7.2               9.5   5.9  10.9   9.2   7.5   9.7   9.7

Complete steps only (512 rows). Steps 1-10 do not separate arms on CMH; the verdict window is steps 20-30.
